0.0837395191192627
0.08477139472961426
0.0887610912322998
0.0827782154083252
0.08477354049682617
0.0827786922454834
0.07978582382202148
0.08178186416625977
0.08078479766845703
0.08377456665039062
0.0827782154083252
0.08273863792419434
0.08078527450561523
0.08381462097167969
0.08281660079956055
0.08676600456237793
0.08776497840881348
0.08577227592468262
0.0827786922454834
0.08879923820495605
0.08177924156188965
0.09372782707214355
0.09178709983825684
0.08381319046020508
0.08078217506408691
0.08377599716186523
0.07974982261657715
0.08776545524597168
0.07878994941711426
0.0827782154083252
0.08177876472473145
0.08074808120727539
0.0827791690826416
0.08377623558044434
0.08178138732910156
0.08377504348754883
0.08580923080444336
0.08377456665039062
0.0777890682220459
0.08477187156677246
0.08082175254821777
0.0807499885559082
0.08274412155151367
0.08680391311645508
0.0857701301574707
0.08477473258972168
0.08074760437011719
0.08174467086791992
0.08078241348266602
0.08078289031982422
0.0857691764831543
0.08680272102355957
0.08174490928649902
0.08274173736572266
0.08473396301269531
0.0797886848449707
0.08181548118591309
0.08380794525146484
0.07878899574279785
0.08377671241760254
0.08876299858093262
0.08178210258483887
0.08377957344055176
0.08078622817993164
0.08282160758972168
0.08177852630615234
0.07875251770019531
0.07978558540344238
0.08281660079956055
0.08281302452087402
0.08680558204650879
0.08178353309631348
0.08177804946899414
0.08078575134277344
0.08074665069580078
0.08273935317993164
0.08281397819519043
0.08174753189086914
0.0827779769897461
0.08473777770996094
0.08174920082092285
0.08281326293945312
0.07978558540344238
0.0837411880493164
0.07978677749633789
0.08975887298583984
0.08876276016235352
0.0857703685760498
0.07975149154663086
0.08677291870117188
0.08976030349731445
0.08374238014221191
0.08477306365966797
0.08480691909790039
0.08477497100830078
0.08580899238586426
0.08078432083129883
0.08177947998046875
0.08580732345581055
0.08082056045532227
0.0817410945892334
0.08177947998046875
0.08178162574768066
0.08081912994384766
0.08274269104003906
0.08278036117553711
0.08078575134277344
0.07974982261657715
0.08476758003234863
0.07982301712036133
0.08577227592468262
0.09078502655029297
0.08078575134277344
0.08178162574768066
0.08377408981323242
0.0857706069946289
0.08277678489685059
0.0798194408416748
0.08278036117553711
0.08078217506408691
0.08776068687438965
0.0867319107055664
0.08174657821655273
0.08374190330505371
0.08078145980834961
0.08274149894714355
0.08477354049682617
0.08477306365966797
0.08776450157165527
0.08477449417114258
0.08377456665039062
0.0827786922454834
0.08377528190612793
0.08082246780395508
0.08178043365478516
0.0848081111907959
0.0867919921875
0.08776664733886719
0.0857698917388916
0.08081984519958496
0.08373880386352539
0.08573484420776367
0.08274435997009277
0.07879018783569336
0.08277726173400879
0.0857694149017334
0.08374142646789551
0.07879090309143066
0.08278012275695801
0.08178091049194336
0.08381223678588867
0.07975196838378906
0.08477401733398438
0.08577227592468262
0.09175539016723633
0.08879756927490234
0.08078408241271973
0.0947117805480957
0.10070657730102539
0.09773802757263184
0.09774065017700195
0.10073375701904297
0.09773874282836914
0.08976173400878906
0.09374809265136719
0.0917510986328125
0.0937490463256836
0.09474682807922363
0.09275054931640625
0.09873414039611816
0.08477473258972168
0.08377599716186523
0.08577156066894531
0.0818173885345459
0.0837407112121582
0.08972334861755371
0.08976030349731445
0.11672735214233398
0.1107029914855957
0.09175491333007812
0.08975982666015625
0.08972477912902832
0.08673405647277832
0.08377766609191895
0.08975791931152344
0.11369466781616211
0.08377242088317871
0.0937492847442627
0.1156914234161377
0.09574604034423828
0.08976006507873535
0.0887606143951416
0.09574341773986816
0.08975934982299805
0.08676958084106445
0.08975958824157715
0.09179091453552246
0.08776736259460449
0.08573007583618164
0.0907590389251709
0.08078193664550781
0.08477616310119629
0.08477354049682617
0.08972573280334473
0.09574437141418457
0.08776736259460449
0.08672881126403809
0.09072113037109375
0.09271550178527832
0.08472895622253418
0.09973287582397461
0.09474611282348633
0.09574508666992188
0.10775613784790039
0.09574246406555176
0.09275364875793457
0.08178520202636719
0.0857696533203125
0.08477449417114258
0.08174657821655273
0.08573532104492188
0.09072017669677734
0.08673381805419922
0.08975934982299805
0.08473610877990723
0.08676671981811523
0.08779692649841309
0.08876276016235352
0.08174443244934082
0.08274197578430176
0.0967411994934082
0.08676838874816895
0.08477258682250977
0.1047210693359375
0.0897223949432373
0.09374833106994629
0.10672950744628906
0.09869980812072754
0.09574413299560547
0.09870386123657227
0.10372424125671387
0.11469364166259766
0.12466692924499512
0.0937492847442627
0.08081889152526855
0.08773136138916016
0.10671496391296387
0.09774017333984375
0.08680081367492676
0.08772659301757812
0.09773850440979004
0.08676910400390625
0.09973549842834473
0.08477377891540527
0.08081650733947754
0.09574294090270996
0.0927894115447998
0.0857686996459961
0.07978630065917969
0.08679962158203125
0.08377599716186523
0.09873723983764648
0.08380985260009766
0.08573555946350098
0.08174324035644531
0.08377742767333984
0.08975958824157715
0.08374357223510742
0.08577299118041992
0.08680295944213867
0.08776736259460449
0.08178234100341797
0.08680605888366699
0.08377480506896973
0.08872437477111816
0.08676767349243164
0.08377504348754883
0.0877997875213623
0.08381056785583496
0.08776664733886719
0.08377671241760254
0.08377575874328613
0.08377575874328613
0.09175515174865723
0.09570908546447754
0.08776497840881348
0.08572864532470703
0.08876252174377441
0.08780217170715332
0.08573460578918457
0.08780407905578613
0.08776497840881348
0.09271717071533203
0.09774160385131836
0.1077117919921875
0.08178067207336426
0.08277726173400879
0.08281517028808594
0.08377575874328613
0.08373785018920898
0.0857694149017334
0.08281397819519043
0.0897972583770752
0.08281779289245605
0.08278012275695801
0.09869742393493652
0.08580899238586426
0.08473825454711914
0.08477258682250977
0.08277726173400879
0.08277773857116699
0.08178138732910156
0.0827784538269043
0.08281087875366211
0.08672571182250977
0.08075237274169922
0.08477449417114258
0.0827784538269043
0.09079480171203613
0.08673524856567383
0.07779192924499512
0.08174276351928711
0.08673477172851562
0.0818178653717041
0.08377385139465332
0.09474611282348633
0.10072922706604004
0.0857701301574707
0.08182430267333984
0.08377480506896973
0.09175491333007812
0.08976006507873535
0.08477234840393066
0.08377790451049805
0.09075427055358887
0.08680415153503418
0.08074951171875
0.0827791690826416
0.08477354049682617
0.08481264114379883
0.08078622817993164
0.08772897720336914
0.0937814712524414
0.08477282524108887
0.08477282524108887
0.08674359321594238
0.08377575874328613
0.08477354049682617
0.09075641632080078
0.08477354049682617
0.08879804611206055
0.08278036117553711
0.08876299858093262
0.08477330207824707
0.08676791191101074
0.08081603050231934
0.08477401733398438
0.10467910766601562
0.11169910430908203
0.1047215461730957
0.0967397689819336
0.09079480171203613
0.08477067947387695
0.08274340629577637
0.0947115421295166
0.08182072639465332
0.08776354789733887
0.08779764175415039
0.0818185806274414
0.0857703685760498
0.08281421661376953
0.08178305625915527
0.08078408241271973
0.08676910400390625
0.08676838874816895
0.09973287582397461
0.0857691764831543
0.08278059959411621
0.08673262596130371
0.08673262596130371
0.08872771263122559
0.0927884578704834
0.08972358703613281
0.08477377891540527
0.08078408241271973
0.08673310279846191
0.08680343627929688
0.09474754333496094
0.10471892356872559
0.09374856948852539
0.1266636848449707
0.10172867774963379
0.1227118968963623
0.09473943710327148
0.09873461723327637
0.12466669082641602
0.10871100425720215
0.08880162239074707
0.0867302417755127
0.10073208808898926
0.11369538307189941
0.08876419067382812
0.10372090339660645
0.09873318672180176
0.09371519088745117
0.09474754333496094
0.08673310279846191
0.08277678489685059
0.09175443649291992
0.09477114677429199
0.09578418731689453
0.08178114891052246
0.08976006507873535
0.09175419807434082
0.0937495231628418
0.09178924560546875
0.0887606143951416
0.09873652458190918
0.0857701301574707
0.09374523162841797
0.09769916534423828
0.09773755073547363
0.10172772407531738
0.08377456665039062
0.08377742767333984
0.08281302452087402
0.08473753929138184
0.10372352600097656
0.08976173400878906
0.09271764755249023
0.1047203540802002
0.09075808525085449
0.10671496391296387
0.11170148849487305
0.11568999290466309
0.12465286254882812
0.10771012306213379
0.08373498916625977
0.0857386589050293
0.08075189590454102
0.10468196868896484
0.08377456665039062
0.08380889892578125
0.08481073379516602
0.08274102210998535
0.09379005432128906
0.08776617050170898
0.08776497840881348
0.08676838874816895
0.0987706184387207
0.08477520942687988
0.08377623558044434
0.0887603759765625
0.08672928810119629
0.09570884704589844
0.08377599716186523
0.0997312068939209
0.09175539016723633
0.0897223949432373
0.08580327033996582
0.09075784683227539
0.09677553176879883
0.09773874282836914
0.08876466751098633
0.08274173736572266
0.08879828453063965
0.10970830917358398
0.08776545524597168
0.08572244644165039
0.08477473258972168
0.08876204490661621
0.08979511260986328
0.1047205924987793
0.09674406051635742
0.09773874282836914
0.09477996826171875
0.0857706069946289
0.09773826599121094
0.09374833106994629
0.08975768089294434
0.09374856948852539
0.08876228332519531
0.08876347541809082
0.09671258926391602
0.1066751480102539
0.08876299858093262
0.09574484825134277
0.10276484489440918
0.08980202674865723
0.10771632194519043
0.09873461723327637
0.11369705200195312
0.1107025146484375
0.10372185707092285
0.0967409610748291
0.09075498580932617
0.09275245666503906
0.0937504768371582
0.09374713897705078
0.11469388008117676
