0.01595783233642578
0.01592087745666504
0.01496267318725586
0.01595759391784668
0.014960050582885742
0.014960289001464844
0.015958547592163086
0.015957355499267578
0.01795196533203125
0.014961957931518555
0.016954660415649414
0.014960050582885742
0.014960050582885742
0.015917301177978516
0.014921903610229492
0.017954349517822266
0.014997243881225586
0.015919923782348633
0.014960050582885742
0.014925241470336914
0.01595902442932129
0.020931243896484375
0.01592111587524414
0.015920162200927734
0.015958786010742188
0.01595759391784668
0.014959573745727539
0.01495981216430664
0.014960289001464844
0.015961885452270508
0.014960527420043945
0.015996217727661133
0.01495981216430664
0.014960050582885742
0.01595759391784668
0.015925168991088867
0.014923572540283203
0.014960050582885742
0.015923023223876953
0.01595902442932129
0.014956474304199219
0.014960050582885742
0.015957355499267578
0.014959573745727539
0.01595783233642578
0.014958620071411133
0.016991853713989258
0.014958620071411133
0.015957355499267578
0.0159912109375
0.014961481094360352
0.01695418357849121
0.014961957931518555
0.015993118286132812
0.015956878662109375
0.016991376876831055
0.01595783233642578
0.014926433563232422
0.014960289001464844
0.015957355499267578
0.014957904815673828
0.015958547592163086
0.014957666397094727
0.014923572540283203
0.01595282554626465
0.01592230796813965
0.014957904815673828
0.014996767044067383
0.01591968536376953
0.015957355499267578
0.01595592498779297
0.014922857284545898
0.014924049377441406
0.01495981216430664
0.017952680587768555
0.015957117080688477
0.015957355499267578
0.014959573745727539
0.015993118286132812
0.014997720718383789
0.014959335327148438
0.015957355499267578
0.01495981216430664
0.01598954200744629
0.014961481094360352
0.016956329345703125
0.015957117080688477
0.015959739685058594
0.01495981216430664
0.014919757843017578
0.015958786010742188
0.015991926193237305
0.014960050582885742
0.014924287796020508
0.01595759391784668
0.016916513442993164
0.015957117080688477
0.01595926284790039
0.015957117080688477
0.01695537567138672
0.015957117080688477
0.017987966537475586
0.01495981216430664
0.01891469955444336
0.015958786010742188
0.015957355499267578
0.01595759391784668
0.0149993896484375
0.014926433563232422
0.01592111587524414
0.015920400619506836
0.01494455337524414
0.016953468322753906
0.014958381652832031
0.014997005462646484
0.014959096908569336
0.015958547592163086
0.01592111587524414
0.016986846923828125
0.015956878662109375
0.024935483932495117
0.015996694564819336
0.014994144439697266
0.014957666397094727
0.01592254638671875
0.01595592498779297
0.015956878662109375
0.014959335327148438
0.015958547592163086
0.015957117080688477
0.015996217727661133
0.014925718307495117
0.016919612884521484
0.014957427978515625
0.01595759391784668
0.01592111587524414
0.016928672790527344
0.015991687774658203
0.015993595123291016
0.015921592712402344
0.015958786010742188
0.01495814323425293
0.015955686569213867
0.022939443588256836
0.016954421997070312
0.01595616340637207
0.015956640243530273
0.01595616340637207
0.01495981216430664
0.014960289001464844
0.014957904815673828
0.014960050582885742
0.014925003051757812
0.01599264144897461
0.015960216522216797
0.014921903610229492
0.016991138458251953
0.018948793411254883
0.022939682006835938
0.01595592498779297
0.015956401824951172
0.022937536239624023
0.017953157424926758
0.015957355499267578
0.01795220375061035
0.016956567764282227
0.016953706741333008
0.015957355499267578
0.019947052001953125
0.01894998550415039
0.015955448150634766
0.015993595123291016
0.015958309173583984
0.015921831130981445
0.016955137252807617
0.01795172691345215
0.017952919006347656
0.01591801643371582
0.024933815002441406
0.024934768676757812
0.015956640243530273
0.022937536239624023
0.019945383071899414
0.01595592498779297
0.018949031829833984
0.024934768676757812
0.0189511775970459
0.019948482513427734
0.020943880081176758
0.015957355499267578
0.01795029640197754
0.01795196533203125
0.016956090927124023
0.016956090927124023
0.016990184783935547
0.016955137252807617
0.01592230796813965
0.017986536026000977
0.017950773239135742
0.016954898834228516
0.014961719512939453
0.015993595123291016
0.016953229904174805
0.01795196533203125
0.022939682006835938
0.01795029640197754
0.017953872680664062
0.018985986709594727
0.018951416015625
0.01595926284790039
0.015958070755004883
0.015957355499267578
0.017951488494873047
0.019902944564819336
0.015981435775756836
0.015971660614013672
0.01591944694519043
0.017951488494873047
0.015959501266479492
0.015991687774658203
0.015993118286132812
0.015993595123291016
0.015988826751708984
0.01595783233642578
0.015959501266479492
0.015994548797607422
0.015925884246826172
0.015994787216186523
0.016994476318359375
0.015957355499267578
0.01894974708557129
0.015957117080688477
0.01595783233642578
0.020949125289916992
0.015957355499267578
0.018949508666992188
0.01893305778503418
0.018949031829833984
0.02094411849975586
0.019945383071899414
0.016954421997070312
0.023935317993164062
0.02094435691833496
0.01695394515991211
0.014963388442993164
0.019944190979003906
0.019947528839111328
0.016953706741333008
0.01595783233642578
0.014959573745727539
0.014992952346801758
0.01595592498779297
0.015956401824951172
0.015957117080688477
0.01592564582824707
0.018950700759887695
0.019907474517822266
0.01495981216430664
0.014958381652832031
0.015925168991088867
0.014960527420043945
0.015992164611816406
0.014960527420043945
0.017992258071899414
0.016954898834228516
0.014958381652832031
0.016954898834228516
0.01795220375061035
0.015000581741333008
0.02194356918334961
0.01797628402709961
0.01595592498779297
0.017950057983398438
0.014961481094360352
0.015958547592163086
0.01495981216430664
0.015958547592163086
0.01592111587524414
0.01592111587524414
0.014960050582885742
0.015956878662109375
0.016954898834228516
0.015957117080688477
0.01699042320251465
0.016960620880126953
0.01599860191345215
0.015957117080688477
0.015957117080688477
0.015922069549560547
0.01595902442932129
0.015919923782348633
0.016954898834228516
0.01595592498779297
0.02194046974182129
0.01795339584350586
0.015958309173583984
0.015957355499267578
0.015958786010742188
0.01595783233642578
0.014991998672485352
0.015993118286132812
0.01891326904296875
0.015920162200927734
0.014919042587280273
0.01599287986755371
0.022939682006835938
0.015957355499267578
0.01599264144897461
0.015956640243530273
0.01994800567626953
0.015958547592163086
0.01495981216430664
0.014961957931518555
0.015959739685058594
0.014996528625488281
0.016954421997070312
0.014958620071411133
0.01595783233642578
0.015958786010742188
0.014960527420043945
0.01595902442932129
0.015996694564819336
0.015957355499267578
0.015956878662109375
0.016957521438598633
0.01795053482055664
0.02493429183959961
0.01599740982055664
0.01491689682006836
0.015957355499267578
0.016953468322753906
0.01495981216430664
0.018950462341308594
0.01592230796813965
0.02290821075439453
0.014923334121704102
0.015955686569213867
0.01495981216430664
0.01495814323425293
0.019907712936401367
0.015919923782348633
0.014997005462646484
0.015958786010742188
0.016990184783935547
0.015958547592163086
0.01595783233642578
0.01599574089050293
0.01599287986755371
0.01592087745666504
0.015957117080688477
0.015956401824951172
0.016952991485595703
0.015958547592163086
0.01595902442932129
0.01595783233642578
0.016922712326049805
0.017952919006347656
0.021941423416137695
0.01894974708557129
0.015955209732055664
0.015956878662109375
0.015957117080688477
0.015924930572509766
0.01595759391784668
0.01994490623474121
0.014957666397094727
0.015958309173583984
0.014961719512939453
0.015956640243530273
0.014995098114013672
0.015957117080688477
0.01697993278503418
0.014960289001464844
0.015959978103637695
0.015992164611816406
0.018950939178466797
0.014960527420043945
0.014994621276855469
0.01697850227355957
0.01595759391784668
0.016989946365356445
0.01795196533203125
0.014961719512939453
0.015956878662109375
0.01695418357849121
0.01595783233642578
0.015922069549560547
0.021986961364746094
0.01894974708557129
0.016953468322753906
0.02193903923034668
0.016954421997070312
0.01891016960144043
0.017917871475219727
0.02597212791442871
0.022939443588256836
0.02592945098876953
0.015915632247924805
0.01495981216430664
0.02393937110900879
0.015956401824951172
0.02393507957458496
0.0189516544342041
0.017950057983398438
0.016955852508544922
0.015997886657714844
0.015992164611816406
0.01795339584350586
0.01495814323425293
0.014970779418945312
0.016915559768676758
0.018973827362060547
0.017990827560424805
0.016992807388305664
0.01599287986755371
0.01694464683532715
0.01592111587524414
0.01795053482055664
0.016915321350097656
0.018949031829833984
0.018948793411254883
0.017951250076293945
0.01595783233642578
0.014961481094360352
0.015957355499267578
0.01595902442932129
0.014960289001464844
0.01795172691345215
0.015992164611816406
0.018947362899780273
0.015959501266479492
0.01795220375061035
0.015957355499267578
0.020942211151123047
0.020943164825439453
0.019947290420532227
0.014960765838623047
0.01599597930908203
0.014960050582885742
0.015955686569213867
0.01894974708557129
0.015958786010742188
0.022903919219970703
0.01595783233642578
0.015958547592163086
0.01595306396484375
0.016956806182861328
0.01595759391784668
0.016991138458251953
0.027891874313354492
0.015956401824951172
0.014961957931518555
0.0169222354888916
0.015958547592163086
0.016954660415649414
0.01696038246154785
0.015993595123291016
0.016989469528198242
0.014960527420043945
0.015923500061035156
0.015958786010742188
0.015921354293823242
0.014924049377441406
0.015989065170288086
0.014958381652832031
0.015955209732055664
0.024931907653808594
0.01595783233642578
0.015957117080688477
0.019945621490478516
0.014960527420043945
0.01592254638671875
0.016954898834228516
0.03989124298095703
0.015956401824951172
0.01795196533203125
0.015984296798706055
0.015957355499267578
0.015983104705810547
0.015957355499267578
0.015990734100341797
0.015992403030395508
0.016988754272460938
0.016948699951171875
0.01595902442932129
0.015957355499267578
0.01595759391784668
0.016913652420043945
0.017909526824951172
0.019942522048950195
0.01795196533203125
0.01994800567626953
0.02393507957458496
0.019948244094848633
0.018949031829833984
0.019945859909057617
0.01595902442932129
0.015958070755004883
0.015959978103637695
0.02293872833251953
