0.018985509872436523
0.019948959350585938
0.017949342727661133
0.017953157424926758
0.01894974708557129
0.018948793411254883
0.017951488494873047
0.018948793411254883
0.018949031829833984
0.019945621490478516
0.01898503303527832
0.018947601318359375
0.017953157424926758
0.01795339584350586
0.018949270248413086
0.01994633674621582
0.01894688606262207
0.01994800567626953
0.018947839736938477
0.018949508666992188
0.018985509872436523
0.0219423770904541
0.017953872680664062
0.01795196533203125
0.017950773239135742
0.01898646354675293
0.01894974708557129
0.018985271453857422
0.018949270248413086
0.017950773239135742
0.01894855499267578
0.018911361694335938
0.018949508666992188
0.01994633674621582
0.02097916603088379
0.020941734313964844
0.018949031829833984
0.017987728118896484
0.018949031829833984
0.01795196533203125
0.018949031829833984
0.018984079360961914
0.017951488494873047
0.01894974708557129
0.018950700759887695
0.018985509872436523
0.01791548728942871
0.018950939178466797
0.018950462341308594
0.01792001724243164
0.021941423416137695
0.018950223922729492
0.01998162269592285
0.018953561782836914
0.01795196533203125
0.017950057983398438
0.017917394638061523
0.01795196533203125
0.018949031829833984
0.017953157424926758
0.01894974708557129
0.018984079360961914
0.01795196533203125
0.018947839736938477
0.01795053482055664
0.017950773239135742
0.018950700759887695
0.019911527633666992
0.018949270248413086
0.019910335540771484
0.017952442169189453
0.018987417221069336
0.01894998550415039
0.017987489700317383
0.01795196533203125
0.01795363426208496
0.01795220375061035
0.018949508666992188
0.017949819564819336
0.018944501876831055
0.017952680587768555
0.017917394638061523
0.018985271453857422
0.01791858673095703
0.018949031829833984
0.019945383071899414
0.019947052001953125
0.018983840942382812
0.01898503303527832
0.018947362899780273
0.018983840942382812
0.017915725708007812
0.0189516544342041
0.01795196533203125
0.01795053482055664
0.017988204956054688
0.01795220375061035
0.01795220375061035
0.01891303062438965
0.018952608108520508
0.017952442169189453
0.017916202545166016
0.019948244094848633
0.023970603942871094
0.017950057983398438
0.017950773239135742
0.018984317779541016
0.018949508666992188
0.01795220375061035
0.018985986709594727
0.017952680587768555
0.018935203552246094
0.01795339584350586
0.017953872680664062
0.01791691780090332
0.017953157424926758
0.01994919776916504
0.018949270248413086
0.017954587936401367
0.018949270248413086
0.018949031829833984
0.017950057983398438
0.017952442169189453
0.018988370895385742
0.017989635467529297
0.018950700759887695
0.019947290420532227
0.019947290420532227
0.018948078155517578
0.019946813583374023
0.018946409225463867
0.018984317779541016
0.018950223922729492
0.0199127197265625
0.017952442169189453
0.018949031829833984
0.019946813583374023
0.018914461135864258
0.018951892852783203
0.017986774444580078
0.018983840942382812
0.017988920211791992
0.01894974708557129
0.018949270248413086
0.018952131271362305
0.019983291625976562
0.018947839736938477
0.018949270248413086
0.01894855499267578
0.018949270248413086
0.019913196563720703
0.019982099533081055
0.018947124481201172
0.01794910430908203
0.018913745880126953
0.018949270248413086
0.01894855499267578
0.020969867706298828
0.020943164825439453
0.019946813583374023
0.023934125900268555
0.02194046974182129
0.022937536239624023
0.020943880081176758
0.01994800567626953
0.020943403244018555
0.023936986923217773
0.017952442169189453
0.019948482513427734
0.023936033248901367
0.01795196533203125
0.018948793411254883
0.018912076950073242
0.018985986709594727
0.017986536026000977
0.01795220375061035
0.022937536239624023
0.026929378509521484
0.02991962432861328
0.019945621490478516
0.01798844337463379
0.024968862533569336
0.018949270248413086
0.01998305320739746
0.018951416015625
0.022938251495361328
0.01894974708557129
0.027922391891479492
0.02194046974182129
0.020943880081176758
0.01994919776916504
0.02293872833251953
0.019958972930908203
0.018986940383911133
0.020908832550048828
0.01994490623474121
0.02094244956970215
0.018914222717285156
0.019946575164794922
0.019946813583374023
0.018947601318359375
0.01894664764404297
0.02290940284729004
0.021940946578979492
0.022937536239624023
0.017988204956054688
0.017984628677368164
0.01795196533203125
0.018947362899780273
0.018947839736938477
0.0219419002532959
0.0249326229095459
0.02194070816040039
0.023936033248901367
0.017926931381225586
0.021959304809570312
0.018951892852783203
0.01795172691345215
0.018990516662597656
0.018950462341308594
0.019947052001953125
0.019948720932006836
0.018917560577392578
0.018985271453857422
0.02293872833251953
0.018912553787231445
0.019946813583374023
0.01894855499267578
0.019906997680664062
0.018949508666992188
0.021941184997558594
0.019947528839111328
0.018949270248413086
0.017982006072998047
0.018950462341308594
0.02294015884399414
0.023972511291503906
0.020943641662597656
0.02197742462158203
0.022937774658203125
0.021940231323242188
0.026928424835205078
0.018950462341308594
0.018950223922729492
0.018946409225463867
0.017952442169189453
0.022937536239624023
0.019947052001953125
0.018954753875732422
0.01994800567626953
0.01891469955444336
0.01795339584350586
0.021939754486083984
0.017952442169189453
0.018949270248413086
0.01795220375061035
0.020946264266967773
0.018951416015625
0.01994919776916504
0.021941184997558594
0.018947601318359375
0.017917633056640625
0.01795196533203125
0.01794600486755371
0.018949031829833984
0.019947052001953125
0.01998281478881836
0.021939754486083984
0.018908023834228516
0.0179135799407959
0.02091836929321289
0.017953157424926758
0.018915176391601562
0.01898479461669922
0.019947290420532227
0.019946575164794922
0.018949508666992188
0.024935007095336914
0.017953157424926758
0.01994490623474121
0.01894998550415039
0.017951488494873047
0.023937463760375977
0.01894831657409668
0.020937681198120117
0.025933504104614258
0.018949508666992188
0.017950773239135742
0.017986297607421875
0.018949270248413086
0.018949508666992188
0.020978689193725586
0.018949031829833984
0.01894855499267578
0.01894855499267578
0.019947052001953125
0.017954349517822266
0.018909454345703125
0.018989086151123047
0.018917083740234375
0.01891493797302246
0.01795172691345215
0.018951416015625
0.018949508666992188
0.01895284652709961
0.020943880081176758
0.017951250076293945
0.01991128921508789
0.018950939178466797
0.018948793411254883
0.01894974708557129
0.019945383071899414
0.017951488494873047
0.01995229721069336
0.020943880081176758
0.017950773239135742
0.018986225128173828
0.018912076950073242
0.018944740295410156
0.018947839736938477
0.01898336410522461
0.017949342727661133
0.018949508666992188
0.017917394638061523
0.02293848991394043
0.023937463760375977
0.021944284439086914
0.018911123275756836
0.018949031829833984
0.018950939178466797
0.018950939178466797
0.02094411849975586
0.01795220375061035
0.017987966537475586
0.018947601318359375
0.018985986709594727
0.01994633674621582
0.019948482513427734
0.018949031829833984
0.018985986709594727
0.01898479461669922
0.01891350746154785
0.02390313148498535
0.02090764045715332
0.021965742111206055
0.01795172691345215
0.017914533615112305
0.021944284439086914
0.018950939178466797
0.017952442169189453
0.0199127197265625
0.01994633674621582
0.01894831657409668
0.018947839736938477
0.01994800567626953
0.01994490623474121
0.02693033218383789
0.022940635681152344
0.021941661834716797
0.02294015884399414
0.01895308494567871
0.018944978713989258
0.017986536026000977
0.018984317779541016
0.019946813583374023
0.018914222717285156
0.018950462341308594
0.01891350746154785
0.0199127197265625
0.018914461135864258
0.019910097122192383
0.01892375946044922
0.01898336410522461
0.02090597152709961
0.02190542221069336
0.021941423416137695
0.018949031829833984
0.018950223922729492
0.019921064376831055
0.019982576370239258
0.01990985870361328
0.018949508666992188
0.021939754486083984
0.017952680587768555
0.018950462341308594
0.01894974708557129
0.018947839736938477
0.022891759872436523
0.026931047439575195
0.020944595336914062
0.01994633674621582
0.0219423770904541
0.01998615264892578
0.02094554901123047
0.01990652084350586
0.02094268798828125
0.019946813583374023
0.021981239318847656
0.018947839736938477
0.04388427734375
0.022938251495361328
0.022939443588256836
0.025932788848876953
0.018990516662597656
0.018949031829833984
0.020937442779541016
0.01891469955444336
0.020943164825439453
0.023937225341796875
0.019947528839111328
0.019945383071899414
0.02490854263305664
0.01990962028503418
0.018909692764282227
0.0199129581451416
0.019959211349487305
0.0219423770904541
0.021983623504638672
0.02094435691833496
0.017993688583374023
0.026929378509521484
0.019946813583374023
0.017952680587768555
0.017950057983398438
0.01795196533203125
0.018947839736938477
0.018949031829833984
0.018949270248413086
0.01795196533203125
0.021941184997558594
0.023935317993164062
0.023934364318847656
0.02293848991394043
0.022940635681152344
0.025944232940673828
0.028925418853759766
0.017951488494873047
0.018944263458251953
0.018981456756591797
0.019985437393188477
0.019947528839111328
0.024933338165283203
0.022940397262573242
0.017950773239135742
0.018947839736938477
0.019910812377929688
0.022936105728149414
0.02094411849975586
0.017915725708007812
0.018946409225463867
0.017951250076293945
0.01898360252380371
0.017989635467529297
0.019981861114501953
0.018947839736938477
0.02592754364013672
0.019911527633666992
0.01994919776916504
0.020978927612304688
0.019946575164794922
0.01894974708557129
0.018985986709594727
0.02094411849975586
0.018954753875732422
0.02294015884399414
0.02988433837890625
0.031914472579956055
0.018997669219970703
0.018949270248413086
0.018950939178466797
0.018948793411254883
0.019945144653320312
0.023936033248901367
0.022939682006835938
0.020946502685546875
0.01891303062438965
0.02294778823852539
0.020908594131469727
0.02590799331665039
0.022939682006835938
0.018917322158813477
0.01891469955444336
0.020943403244018555
0.019984960556030273
0.01795172691345215
0.01994609832763672
0.018948793411254883
0.029921531677246094
0.02094268798828125
0.025931358337402344
0.021941423416137695
0.025931119918823242
0.02692866325378418
0.022938251495361328
0.02094411849975586
0.01894831657409668
0.018947362899780273
0.02094435691833496
0.023933887481689453
0.026930809020996094
