864371259325849761971265843436192587198657432257483916689734125713528694542916378
346179258187523964529648371965832417472916835813754629798261543631485792254397186
695127384138459672724836915851264739273981546946573821317692458489715263562348197
497258316186439725253716498629381547375964182841572639962145873718623954534897261
465912378189473562327568149738645291954821637216397854573284916642159783891736425
194685237382974516657213489823491675541768923769352841215839764436527198978146352
289765431317924856645138729763891542521473968894652173432519687956387214178246395
894231657762495183351876942583624719219387564647159328128763495976542831435918276
563472198219386754847195623472638519951247386638519472795864231324951867186723945
163725948584693271729184365946358127371462589852917634498231756637549812215876493
974183652651274389283596714129835476746912538835647921568329147317468295492751863
431567289729481653865329174986243517257198346143756892612975438374812965598634721
254367891893215674716984253532698147178432569649571328421753986365849712987126435
958274163123698754746153928674315289532789416819462375285941637397526841461837592
865379412924581376713642895397164528482795631156823947541236789679418253238957164
865714329917362845234598761142657983783941256596283174358176492429835617671429538
268495317194673852735128964872549631651387249943216785326951478589764123417832596
947812563583764192261935478156349287879621354324587619698253741712496835435178926
652483917978162435314975628825736149791824563436519872269348751547291386183657294
712984365346751829589263471624179538853642917197538642978316254461825793235497186
967254318184379562253186947691748235835621794742593681376415829428967153519832476
251479638948316752637258194365124879712983465894567213423691587179845326586732941
256734198891265374347198652514683729728519436963427581135942867689371245472856913
964532178187694235235817964629451783573986412841273596416728359352169847798345621
142569873385217946967438251536871429219654387478923165893746512621385794754192638
598326147314957628672481935753648291421539876869172453285764319936215784147893562
157468293238971645469532781926153478741896532583724916674385129892617354315249867
927384165684915237531672489769231548453768921218459673175826394392147856846593712
398256417476918253512743698185674329924835761763129845257361984831492576649587132
176328459538149672492765138657834921924651387381972564813296745749583216265417893
954738621276415389381692574837564912692183457415927863123846795569371248748259136
183247596295638714647915832452396178718524369369871425921483657534769281876152943
863915274429678351715324896287436915541892637936751482154283769698147523372569148
276495183843271596951863247397528461168749325524316978635982714712654839489137652
831245796726319548954768231419872365368451972275693814587134629193526487642987153
168257439792436158543981672639874521415629783287315964924763815371548296856192347
751432689293168574468759312587243961319675248624981735836524197145397826972816453
318692547254781639697543128563974812721368954849125376176459283485236791932817465
578213649263549178419867352724196835356482791891375264932651487685724913147938526
956417832287536149341298765794153628815762394632984571178649253529371486463825917
632951847814672953759348126391725684476189532285436791548217369927863415163594278
285746913731859624946231587354687192812394756697125348179468235463512879528973461
123897546956413872847265193691378254584921367732546918219634785368759421475182639
851429376973658214264173589438517692629384751517962438346791825185236947792845163
761495823284367159953128467625784931138259674497631582346512798579843216812976345
638917452754326198219584376492873615571269843863145729185732964326491587947658231
538742916694318527217956384871294653345671298962583471123869745786425139459137862
687935241913247568452168793396721854278459316145386927569874132831692475724513689
654837291389214756172965483896451327237689145541723869918346572723598614465172938
192567438873429156564183279387942615251876394946351827739614582618295743425738961
963752481451368972728491356892176534174539268635824197519647823387215649246983715
851347692496582173723169458382675914514298367679413285148726539965834721237951846
158479632963281475472563918215836794684792153397154826521948367839627541746315289
187235496264891735395674182426389571719542863853716249938157624542968317671423958
127398546654172398398564172769831254482659731531427689916745823273986415845213967
925784613843621957716593824372159486598467132461238579634875291187942365259316748
549638721726914853318572946654187392892453617137269584273845169965721438481396275
612453798973618425854927163291784536435269817786135942527391684168542379349876251
538972416761843952249561378412385769376294185985716234654127893193458627827639541
287513964964782315351649782895236471716854293432197856543968127629471538178325649
291845736638927154475136298327498561869751423154362879983574612712689345546213987
537168942286943157914527836873659214145832769692714385328495671751286493469371528
827314965619785432435692187142836759563947821978251346381529674754168293296473518
643587219712936458958421763385269174476813925129745836831674592297358641564192387
562834719314967285798215436973658142126349857485172963639781524251496378847523691
431825796256397418978416235689134572725968341314572689143659827592783164867241953
324857196617239548958614327143528769579463281862791435795346812236185974481972653
743869152628751349951342867182674593579123486436985271865237914317498625294516738
416853279529617843378924615145239786967548321832761594691382457254176938783495162
784235619526971384319864257452398761137426895698517423941683572873152946265749138
823957461415268397679314258958746123237591684146823579582439716764185932391672845
831529467925674183476831529759416238183295746264783951698142375512367894347958612
815947362724563198369218547287354619946721835531689724458196273193872456672435981
654372981781946352932518467163294578428735196579681234296157843347829615815463729
265748913943651728718239456451826379392475681876913245687594132129387564534162897
918743652246951783375682194624178539591234867783596421859427316462315978137869245
142978635376415928985632147421789563639254871857361294594127386268543719713896452
143927685256184973897536142428359716731462859965871234379215468682743591514698327
216597483984123756537648129673954218128736594459812367792365841841279635365481972
278634951935271486416859237743915628681723549529486173394568712152397864867142395
416957238732186954958342617695831742273469581841725369187593426324678195569214873
298541367476382951351769248739426815162835479584197623613258794947613582825974136
187623594453197862962845713376912458895374126214586937639758241548231679721469385
194253687356874921827169435941528763538746192672391548483617259765982314219435876
381457692942861375675932184163579428754286931829143567437618259596724813218395746
958723641423651897176498532739245168684179325215386479847532916391867254562914783
941238657673495821825167934319782546564319278782546319258974163436851792197623485
983746125451298763762351894678423519145679238239185476314867952526914387897532641
294785631513469728867231945382516479479823156156947382938672514745198263621354897
184236957275419386963875124532648719891723645647591832728164593356982471419357268
197684325628531974543792186372459861814367592956218437285173649469825713731946258
932754681761982534485631729259176843873495216146823975594218367318567492627349158
617823945245619873389547621851472369792368154463951287176235498528194736934786512
627981543538247691419356782763498215845123967192675438974832156281569374356714829
298361745534879612617245938361782594975614823842953176126537489459128367783496251
687321549542869371913754862731246985854937126269518734395672418176485293428193657
618732954925148763347956128839267415571493682462815379784321596153689247296574831
392184576658379142714526839845962713179853264236417958487231695921645387563798421
926437518785216943134859627342968175859721436617543892261395784573184269498672351
647238519915476238328519467791652843563784921482391756839125674276843195154967382
456971238821643795397285146634857912782169354519432687268394571173528469945716823
267954813918236745543817629326579184189423576475168392891345267652791438734682951
951263784728419356634785912419627835582391647376854291143976528297548163865132479
523614879681793245947852613295436781716528394438971562374165928862349157159287436
915632847748519236362874195287496351639158472154327968491785623523961784876243519
527489631618723549934615278795348162461257983382961457843196725156872394279534816
879421653152836794346975182517243869628197345934568217481752936293614578765389421
231978465586413792974625831793584216462791583815362974157239648648157329329846157
723946851581327964649815732497632518358179426216584379832451697164793285975268143
631982574794561328852734169917428635468375912523196847186257493375649281249813756
732864195916532487485971326671429853853716249294358671348197562527643918169285734
529361487481572936637849152368154279712698345954723861146985723295437618873216594
347592168186473295592618437413759826758326914269841573934165782871234659625987341
879324561641957238352186479215748693964231785738695142197862354523479816486513927
956734812312685479478129653125376984794852361683491725537918246269547138841263597
859346271741852693623197854298674315375981462164235987586723149412569738937418526
835729641127465839649813572386972154251684793974531286418356927792148365563297418
853917462649832157172456389761584923325691874498723615917248536536179248284365791
674935218825716943193248576342657891958123764716894325289361457431572689567489132
963284175841753692752916483537491826129368547684527319315879264276145938498632751
913862574627145983854793216572386491391457628468921357285674139736519842149238765
943265718267148395815397426731586942459712863682934571196873254324659187578421639
671938254843257169925416387516873492792641835384529716468192573157364928239785641
453879162962145783187326549829631475736254918541798326274563891398412657615987234
543768129629315847187942563352874916914623758768591234836257491495186372271439685
185293674627481539349756821471562398938147256562839417893615742254978163716324985
619243587572968314348517296893156472167324859254879163421695738736481925985732641
874613925953742861216895734637254198481369572592178643128936457749521386365487219
139586472427913568856724139948371625213865794675492813361258947594637281782149356
938642751521789436476135829897451263352976148164823975285394617649517382713268594
385962471479831526126745938931458762742613859658279143214596387897324615563187294
786415329243967581915832647527389164431576892869241735692753418354128976178694253
253197864841563972697248513315872496984615237762934185526381749179426358438759621
375461982694287531821593476582134769916875324743926815139752648257648193468319257
726439518835716294491582376679245183218397645354168927962854731187623459543971862
821796354365824791479135862653417928984562137217389645532671489198243576746958213
429176583658329417137845926942768351371594268865231794214657839783912645596483172
549138276827456319361927458985214763716385942432769185198542637673891524254673891
134928567265317489789645231896754123421863975357291846942136758573489612618572394
741629385235718964896345172379851246164273859528964731617582493483196527952437618
825137964174596283963248715752364198491782536386915472248679351639451827517823649
298763541134952687567148923951874362726391458843625179375216894619487235482539716
931465782782931456456782139327856914145379628698214573864127395573698241219543867
647813295935247816128956473462398157591764382873521649784639521216475938359182764
917486532546293178238157694789362451123745869654819327371524986495678213862931745
916473852238965417457218639721596384345827961689134725872359146193642578564781293
834921567175863249629475381543612798768349125912758634487136952296587413351294876
893612457457893261126475983512967348639248715748531692985326174274159836361784529
574386129812495367963271548159768234436129875728543916341957682285614793697832451
438725196167439528295168437749382615653941872821657943912576384584213769376894251
973482651152679384486153972395764128728315496641298735514927863869531247237846519
821397465364521798957486132479265813135748629682139547716952384248673951593814276
326459817951278463478631592519726348634895721287143956893512674762984135145367289
958413276214675983763298415137826594492351768586749132629184357375962841841537629
573961824642837591918245736135486279269713458784529163357194682426358917891672345
294367185158492736763158942689213574542876391317945268471589623836721459925634817
243785169168294375957631824789316452412958637536427918371549286624873591895162743
839516247427938651156472389675391428312854976948627135261745893583269714794183562
691532487758941236342768591587219364964873152123654879475186923839427615216395748
127354986863729451954618237348591672672483195519267348281945763795136824436872519
351792684689134572274658913963547128748921356512863497497385261125476839836219745
493862751276591483581374962635428197127659348849137526762915834354786219918243675
572394168184276359369581472631859247827643915495712836953127684746938521218465793
812376594536894217749521836971438652385269741624157389458712963167983425293645178
937421865542386971618597423159842637874653192263719548795134286486275319321968754
312654978754982316968713425586379241291465837473128659625837194147296583839541762
289761345543298761617435289172549638934826157865173492758314926391682574426957813
756892134314756982892314675543629817127583496689471253465938721971265348238147569
297364851541782639683159724358421976716598342429673518874236195932815467165947283
543219876186745923972683154691578342327461598458932617835127469769354281214896735
978613425246587913513294786624859371357421698891736254465978132732165849189342567
875634192294815673136729548629158734487963215513247869961382457358476921742591386
973146825625839471814275369781654293432981657596723184259318746347562918168497532
947352168836941275152678943261495837573286491498137652689513724725864319314729586
239781456615423978784956132193248567856397241472615893348562719927134685561879324
589743621476281359213659478948362715361875942725194836194536287657428193832917564
649138752871256394352947681964513278738692145215874936487361529526789413193425867
941856273782943561563172498429385617357619842618724935176298354835461729294537186
473192658615843972928675134364529817587361429192784563239456781751938246846217395
657921843183546972942378561265719438318654297794832156831465729479283615526197384
213948567475361829689275341942153678756824913138697254594786132861432795327519486
496382715857691423231574986742915638589236174163748592314867259975423861628159347
264539817789614235513782469371826594845971623926453781692345178157298346438167952
467283591985167432213459768792634815541892673638715924856371249329546187174928356
158973246476215983293846751937128564562394178841657329624531897719482635385769412
176843592953162784428975361239514678617298453845736129762481935384659217591327846
735269148241538769689147523328916457576324981914785236162493875453871692897652314
978621435132594768564873192347189256825746913691235874289367541756412389413958627
648137592521986743973245681265798314137462859894351267389674125452813976716529438
583964127961273854427518369198726435642359718375481296719642583834195672256837941
768315249349862571152749683291438765675291834834576192526984317917653428483127956
714398526285416379396752814948571263163289745572643981427135698659824137831967452
619582347245371968738694521382719654167425839594863712853147296426938175971256483
792513486461289537853476291987365142145928763236741859614897325329154678578632914
357486192842951673196723845785192364631574289429638517918245736573869421264317958
916473825582961437734852961257389614168247593493615782829734156641528379375196248
573612489248937651196584327781493265659821743432765198365148972927356814814279536
134578692569213847287469135718654329492387516356921478945832761673195284821746953
492856731716923854538147629367498512124365987859271463681734295245619378973582146
618549327572631498439287156195364872384725619726918543241876935857493261963152784
863427159752169843419853762678942315524381697931576284346715928195238476287694531
195264837368975214742183569871692453536847192924531786283416975659728341417359628
856172493934856127127493586612945378743618259598327641469281735385764912271539864
134527968592168734786349512648215397273896145951473286369754821427981653815632479
278194653359762841416385729547618932863429175921537468135976284792843516684251397
624953187158674392739821465245168739871392546396547218963715824487236951512489673
164895732829673514735421689513987246692514873487362195946158327251739468378246951
458732196129865374763491852576214938294387615381956427935678241847129563612543789
495167328687432159213859764174695832528371496369248571951786243846523917732914685
681935742724816593359472186932647815817529364465381279248763951196258437573194628
218453679576912384349786152732894516961375428485621793854139267627548931193267845
714839652356724819289615473163487295927563148845192736638971524472356981591248367
435712986829465173617389542783946215251873694946251738194628357372594861568137429
946215378275834691138679542519468237627351489384792165892543716461927853753186924
634289571578361942921547368142953687389672154756814239895726413463198725217435896
248159367653748921917362845572634198836921754194587632729416583381295476465873219
678249351513687942924315768291734685357861294846592137489173526132456879765928413
361478952892513647574629318983147526245936781617852493758264139139785264426391875
526973841187246593439851276918362754764598132253417968892734615645189327371625489
567321489948756312312894675826479531154632798793185246471268953635917824289543167
259816473741953826683247195816439257927568314534172968392685741475321689168794532
459728613273961845186534729962375481748196532315482976827653194531849267694217358
286759413419836275357214869863497521175623948924185637648571392792368154531942786
152398764784651932936247815375416298491782356628935471219574683863129547547863129
682497513137586942495123768348269175561734289279851634726345891814972356953618427
491876352276935148385124796618752934937481265524693871769518423143267589852349617
893745612512896473647312859931627584764589231285431796328954167179268345456173928
365748129729631845148952763837129456652874391914365278476583912293416587581297634
742396158981572364563184279816927435427853916395641827254739681138465792679218543
236948751145726389897153426712865934583491267964372815678539142451287693329614578
463125897798364215521978463982431576635782941174659328359216784846597132217843659
469817325582639714713245869291758643658324971347961582936172458824596137175483296
435672891921583674876914253648325917193768425257491386312856749784139562569247138
861742935745963812392518764639425178514876329278139456127694583953287641486351297
172564893539782146846913752351647289798251634264398571983176425415829367627435918
672431859859276431413895267598724316264153798137968542325617984786549123941382675
318729654469315287527684139781253496695471328234968715173896542856142973942537861
584963217321748956697125483169857324732419865845236179458691732973582641216374598
198654372724381569563927814975468231341295786286173495659832147437516928812749653
972814356361592847548376912129687534734251689685439271817965423493128765256743198
364795821158462739729318546942157368675834192813926475481679253236541987597283614
537824196489617532216395478945763821361289754728541369154972683893456217672138945
438965217617824395529731864756198432942573186183642759875219643294386571361457928
596718234413296587278534619685473921721869453349152768857921346934685172162347895
418259763927634815563178942289743651351896274746521398835917426692485137174362589
874529361596314827231786459749652138612837945385941672468295713123478596957163284
297148365843256791651379284718695423436821579529437816365982147172564938984713652
296175438483296751715834269951387624642519873837462915529641387364758192178923546
139854276652739418784621593517982634948365127263147859476213985891576342325498761
317942658685317249942865173528639417431728965769154832274591386893476521156283794
972315648546827391183469572267984135394152867851736924719543286635278419428691753
512467389894325716367198254638912475459736821271854693925683147783541962146279538
532698714769412835814357692976184253385926147241573968423761589197845326658239471
769815234538429167241376985327684519684591723915237846153942678876153492492768351
741258693926743851538196247653481729489527136172639584297365418815974362364812975
817432956593687241642159873278564139461923785935718624329841567786395412154276398
195876234382459716746231958273184695951763842864925173428517369537698421619342587
715364892963872514482195736627583149598416273341729658179648325256931487834257961
346759281728416935519328467971684523652137894834592716493265178267841359185973642
379264158851739624624851379413526897795183462268947531136472985547698213982315746
123647985698152734475893216387216459964375821251984673832461597716529348549738162
178325694926487531534196728295831476613274859847659213751948362462713985389562147
981253764724196853563478192278569341495321687136847529319682475847935216652714938
713659842584231697296487153342596718158724369967318524439175286825963471671842935
946837512712659843385124976457268391638591427129743685593472168261985734874316259
267534819841692357593178264125487936486913725739256481374861592912345678658729143
956187234384529167721463589179652348238741956645398712562914873817236495493875621
376851942258749613194362785432975861967183524581624379615437298843296157729518436
612593487475821936839746251156934728327658149948172563564317892793285614281469375
784325691136849275952176483549283716317694528268517349825461937473958162691732854
967452381315978246284631957528194673736825194149763528851246739692387415473519862
234817695857926134196543782748165329312798546965432871523674918481359267679281453
632975814471286593598314627923751468784623159156498372245867931869132745317549286
526873491937412586418659273649285137271346859385197624863724915792561348154938762
283174569496253178571698423328419657657832941914567832845321796139746285762985314
438971265576284319219356847697823154854197623123465978385712496742639581961548732
254891367936572841178463529345186792892347156617925438481239675723658914569714283
486937512917254683325186479792415368864793251531628947679842135243571896158369724
173925864496781523852346179245638791731492658968517342589174236327869415614253987
541983726367542198928761543189437652674259381253618479712394865435826917896175234
586413729732569148941278356429831567865724913173956284298147635314695872657382491
168539247574286913329741568687193425295674381431825796743918652852467139916352874
469132578573896142218745936641278359937564281852913467384621795725389614196457823
851429736673581294942367158564278913139645872287193645318952467425716389796834521
847192365523648719196537482674259138319784526258316947985423671731865294462971853
237416859869572341451983672573128964924365718186794235795831426618247593342659187
752138649931647528864592713479216385526873194183459267318764952295381476647925831
961875243238694571745321869354962187819457326672138954187249635596783412423516798
935187264876492315412365798341678529598231647627954183259746831183529476764813952
842697513379815246615324897567138429983452761124976385498563172751249638236781954
718235694946187352523496871632578149471629583895314726354862917267951438189743265
163542897984736512725198634276451983839267145541389276392875461418623759657914328
839415627276893541145267839384729165617548293592631478923154786761982354458376912
593876241124593768687214395719385426368429157452167983935641872876932514241758639
369715824427893615815246793153968472794352168682471539931684257246537981578129346
764513829832967451915284637687351942149726583253849176426178395598632714371495268
754623189832971564961485732576219843328746951419538276697154328243897615185362497
865721349379645218214983765437598126192476583658132974541367892786259431923814657
752369184168457239394812657279645318583791426416238975627983541931574862845126793
215984376367215984894376125659421837731859642482637591146793258978562413523148769
396147825745286931812539746428315697179862453653974182931758264584621379267493518
598317246467285931312964758639478512854192673271536894723851469985643127146729385
913452876786139245452678319241967538379285164865314927528741693694823751137596482
426837195197265438583194276314726589862359741975418623639572814241683957758941362
291857346485361972376294185627438519149625837538719624714586293962173458853942761
892475136431986257567132498623794581785213649149658723918527364274369815356841972
391427865572681934486395712158934276724516389639872451965748123813269547247153698
478251396196843725532976184843627519751439862269185437325798641684512973917364258
159837462284156739673294158718945326462783591935612847841329675326571984597468213
941763258758421693623895174416537982897612345532984761174259836369148527285376419
964173825287596413531482769495861372726934581318257694852749136649318257173625948
582641739937582641614379582359217864248956173761438925475163298893725416126894357
982531476763248951145679328421967835359824617876315249538792164217486593694153782
251364897873529416694187235786943521132856974945712683369478152528631749417295368
749235816286491735531768492674523981198647253325819647962154378457386129813972564
986374521754621893321589467412896375579413682638752914295138746867245139143967258
729846135834125697516379428495613872287594361361782954958437216643251789172968543
942718563568394217137526849215967438794183625683452971326879154459631782871245396
412736985687925134359418726795264813836179452241853697573691248924387561168542379
428971653596238741317546892143859267982617534675324189864792315239185476751463928
371645982548912673962837415186523794234791856759468231817254369493186527625379148
546123789738495612921768345264831957359274861817659234195387426673542198482916573
758491236326758419491362758189625374634179825275834961943216587817543692562987143
948216375125743968736958214294675831617832549853491627581327496472569183369184752
174298365563471298982653741318547926426139587759862134637914852241385679895726413
261357948748691253935248167893462715176835492524179386459726831317584629682913574
538942176941756832267831594823614759715329648496578213679183425352467981184295367
385964217142758639679213485596827143831495726427631958268349571953172864714586392
378914562426537918519862374247183659195246837683795241854379126962451783731628495
581937642762814593439265817394786251615329478827541369148673925256198734973452186
256813947971546328348792615815634792723985164694271853487159236132468579569327481
912674385635198742487523961253416897896732154741859236179345628528961473364287519
892453716736182459451769238563928174179346825248571693314897562925614387687235941
316785924749263185528194673932576418451832796687419352294357861163928547875641239
358172469296843175174695382927418536485936217613257948869321754541789623732564891
578134629243869715691752348859217463134596872726483951915648237487325196362971584
851397426624158793793246581382769154175482639469531872518623947937814265246975318
481267359932451678567389241659174832813925764274836915745692183326518497198743526
915368274276549381384172596642783159851294637739615428428956713193427865567831942
698125374427386591351479628849253167276814953135967842962738415513642789784591236
438921657925768134761534892596472318843619725217385469382157946174296583659843271
672154983498723156135698724863572491759431268241869375387216549924385617516947832
254379681963418572178562493647123958815794326329856147496237815582641739731985264
753421869894563712621789534148235976567894123932176485475612398289357641316948257
561398247792546138348721956234617895819253764657489321183965472475132689926874513
435819726871246953629573814914365287283794165567128349346982571152437698798651432
948163752237594186651782394392678415175439268864251937513847629426915873789326541
562439718791285346384761952148372695625948137937156824456893271273614589819527463
721368549639524718845719263963452871152873496487691352376985124294137685518246937
931526748645879231872314695724195863356482179198637452569241387287963514413758926
143829567528671493679453821314295786892367154765184932936718245451932678287546319
843169527256437981197852436962714358518623794374985162685341279731298645429576813
436251987578934126291768534385127469129346758647895312914582673762413895853679241
712685934369412587458397162176239458243851796985746321697123845831564279524978613
391257468456381729872946513238764951145893672967125834629518347784632195513479286
127534698835916274946728135512397846483265719769481352278159463391642587654873921
234679158871452963659318274347126895592783641186945732713264589928537416465891327
719834562346527198528169473682415937975382614431796825154673289267948351893251746
469571823753826491281493576147389265625147389938265147572638914394712658816954732
763985421925614378841237596394562187287149635156873249439756812512498763678321954
573496812129837564864251397647315928318972645295648731951723486736184259482569173
891563274234978615765142938423857169958316427176294853589631742642785391317429586
812674953695123847734958612483769521951382764267415398376291485529847136148536279
526439187781265394349781652914572836632948715875316249197653428458127963263894571
296473518183526497754981632475618329632795184918342765341859276867234951529167843
871936425653284179294175863162358794735649218489712536947823651516497382328561947
857196432312754698694823517463985721178362954529471386941237865785619243236548179
315826749496753182827914356789461523254379618631582497572648931968135274143297865
629354817385791264417682395971468532268135749543927681892516473736249158154873926
174936528832574169596821437985143276247689351613752984329467815751398642468215793
329174568468593172715682349196257834834961257572348916651729483283416795947835621
495317268236458179718692435687123594124569783953784621549876312372941856861235947
287541639516893247943672851374265198829134576165789324491358762652917483738426915
168329457745618923392745816823457691671983245954261738436572189517894362289136574
721845693369172458584639172496721385273458961158963247837294516645317829912586734
926817354514239768378564129643951872892673415751482693187395246239746581465128937
357196482826345179419278563695837241741562938283419657978624315534981726162753894
341265879728194365965387412473856291182973654596412738817649523254731986639528147
975631248614872359382459176851327964426985713793164825548213697167598432239746581
827139645169245873354876291975412368283567419641983752796321584538694127412758936
293158674657234918814769253471823569369415827528697431786342195942571386135986742
458371296362549718917628345743162589891457623625983471136294857279835164584716932
417923865389657124625841739532486971791532648864719253256194387143278596978365412
495682137367941582128537946789356214612794358534128769271863495853479621946215873
241589367976321458583764912365198274718243596492675183834956721629417835157832649
753946812426718539891532476349265781168379245275184963937421658612857394584693127
275496183183275964649138572752681439394752816861349257928567341416823795537914628
279863154538471962641952378724398615853146729196527843967235481482719536315684297
813264597265917348497583126176495832328176954954328671542631789731849265689752413
149763582237185694658249317485921736716538429392476851924857163561394278873612945
824539176765421938319678524138296457592147863476853291987312645653984712241765389
975248361623971854841536279598167432732854916164392785257689143416723598389415627
758361294914258673263794581681942357379185426425673918142839765597416832836527149
754829163186537492329164857817952346643718925295643781571486239938275614462391578
472385619198674523653912847924167358581493762367528491719846235236759184845231976
346571298297348516815296347653829471479163825128754639581437962932615784764982153
674359821918624573253871649127968354495213768836745912361592487782436195549187236
985234167437561982261987453719452836648713529523698741172846395354129678896375214
542836971139527846678419325326795184451283697897641253265378419983154762714962538
795138642628457139134269578843621957967583214251974863379815426412796385586342791
326417958851962347497538216172843695968751423534296781783124569219675834645389172
137894256962517348485632791619758432374921865258346179523179684891463527746285913
361472958859613742247895163793561284185247396426389571672158439934726815518934627
864579321725163498139824756547316289982745163316982547493657812278491635651238974
185239764349687125672154938896372451751846293423591876537428619914763582268915347
135946278298317645476285931942651783681734592357829164724598316863172459519463827
612395847374168925985427316251846739463579182798231564137652498829714653546983271
675298341391645872842731695927853164534176289186924537259387416768412953413569728
729613584863547291145298736396852147271439658458176329517924863634785912982361475
634258719791463852258179643865397124472815396913624578349581267186742935527936481
128567349947318256653249781816794532374125968592836174435982617261473895789651423
962857413458136972371294586745619238183572694296348751627983145534721869819465327
451862937873149652269573814125684793987321465634957128796238541318495276542716389
975438216842716593361259487697182345583647921214395768436521879159874632728963154
974852613635719284128463795249385176786241539351697842513976428862134957497528361
897456321356217849241893657673145982528639174419728536782561493964382715135974268
975286314614935872832417695263159487587624139491873256329561748748392561156748923
983247165564139278271856943398615724425978316716423589839761452152384697647592831
596873214184952367327461589851324796742596831639718425968245173413687952275139648
463821597158697342279543861631285974824976135795314628916752483582439716347168259
153962847864175923297438165479623581315784296682519374541896732936257418728341659
473965182258137496619842537326598741741326958985471263164789325532614879897253614
536748219192365784874129653421657938387492561965831472618274395253916847749583126
825376491463198752197524836372681549541937268689245173736852914958413627214769385
253189674678234915194765823465378192819426357732591486946852731587613249321947568
731682549496513287285974316967358124524169873318427965179236458842795631653841792
768493512912657384345812796621538479457169238839274651584721963273986145196345827
758429136391675842426381795817964253935712684642853971574196328183247569269538417
381625794579134826426978315293856471148793562657241938962587143735412689814369257
263197485789546123415382796147968352952734618836251974624819537398675241571423869
915428637386719524247356891524673189193284756768195243459867312872931465631542978
248135967635987412917462853576293148182746395493518276724859631861374529359621784
259873146874612953163954782315296874947138625682547319726385491431729568598461237
518492673672351498943786152857943216391265784426178935765829341234517869189634527
832675149694812375715439268159783624326541987478296531943168752281357496567924813
326741958589362714417589326748925631961473582253618497632197845175834269894256173
679843152182597634354162897247916385893754216516238479925481763738629541461375928
659847123831259746742361958925476831186923574374518269263195487417682395598734612
651837429287941365943562781892475136165398247374126958718253694539614872426789513
896731542523498761147652839432865197918274653765913284254189376681347925379526418
831752469796834152524916873379621548642583791185479326967348215253197684418265937
519478632732569814468231597643157289825694173971382465297815346384726951156943728
196543728785921436234768915462857391351294687879136542918475263627389154543612879
219546783568372941473198652184967325652813497937254168345621879826739514791485236
658147293713925684249863571965381742172654839834792165381579426496218357527436918
651379428378624591429158637296837145745916382813542769534291876967485213182763954
264758913981463257573192486895621374736849125142375698329584761618237549457916832
583147926169325847472986135347269581658713492291854763825431679936578214714692358
127396845439875612568124739295613478376248591841957263614589327752431986983762154
386295471472183569915746283547369812839521746621478935793654128154832697268917354
732986154195437862864251739356874921987612345241593678423168597578329416619745283
431765982689421537257389614326947158798156423145832769962578341874613295513294876
653274981278619453491853627842937165967521348135486792386745219729168534514392876
596217483243698157718345692659834721382971546471526839967453218825169374134782965
458719263263845719719362584587296431394157628126438975631574892875923146942681357
594386721671924853328157946463792185987513462152468397236879514845631279719245638
897635142214879365563421879751948236382567491649312758928754613435186927176293584
289645173743192658165783942421367589536829417897451326374216895658974231912538764
692753184874162359531894726419237865786915243253648917328476591965321478147589632
362985714815724396749361582598213467276549831134678925927436158651897243483152679
234579861815634792976128453163785249542963187798412536629857314351246978487391625
134862795257931486986745231329457618861329574745186923518294367493678152672513849
178245639365197428492683157581934276927861345643572891736458912259316784814729563
895134276326897451147652389634721598579368124281945763468573912953216847712489635
912537684536984172874612593623749851487153269159268347798326415241895736365471928
842956371913278456567431928198725634624193785375684192786342519459817263231569847
478135629956284731321697548695348172143729856287516394719852463864973215532461987
392167548186549723457823169674912835513784692829356471938675214741238956265491387
369425178152798364847316295271539846486172539935864712518647923623951487794283651
259836714174592683836417592592768431381954276647123958718245369923671845465389127
975634128861279345432518769246385971713962854589147236197426583324851697658793412
271849536635721849894653127127498653986135472453276918349562781512987364768314295
745893162216754839839126547527468913183975624964312758678241395491537286352689471
942573681376821594815946237123467859584239716697158423758394162269715348431682975
574912863639548217218763549963857421841629735752431986187394652425176398396285174
538169472927543816614827395391658724845712639762394158176985243253476981489231567
568437921931285674724961853476812395319574286285693417642758139853149762197326548
512846973489723651637195482968271345725384169341569827274918536156432798893657214
695137842328645179471982536986573214712894653534261987157329468263458791849716325
873162594924857613615493728349526871781349265256718349168975432437281956592634187
482375196961482357537196284316928475748651932295743618153267849824539761679814523
512468973768539241349127685124685397693742158857913462976251834431876529285394716
942685173573192486681743259267518394398476521154239768835921647716854932429367815
871439652356712849942856713593184267617925384284367591428593176765241938139678425
943718256682435791715926843167294385528367419394581627236149578471853962859672134
687941253341652879529738614968213745715496382234875196453127968196384527872569431
849653721157284936236791854613872549492165378785439162974528613361947285528316497
218739654496158732735462891851973426624815379379624518147396285583241967962587143
462817539891435267375692814153746928984253671627981453746329185538164792219578346
591783264328641975476592183735418629289376451164259837942835716813967542657124398
845127693961843572237695481456738219792416358318259764173584926629371845584962137
325478961487916253691532874512697348736824519849351726253169487968745132174283695
962783451845261397137495862351972648278634519694158273483519726729346185516827934
839745261142936587765182943493567128518293674627814395256378419974651832381429756
715846923934721856826935741562489317179563284483172695351698472297354168648217539
425783619718569423396214758134892576672351894859476132567928341241637985983145267
286971534514362978793584612869135427432798165157426389925813746378649251641257893
987145632416723589532698741179452368253867194864931257628379415395214876741586923
973465218148279356625138947836542791514987623297613584451726839782391465369854172
132986574749531268856247931623178459517493826984652317391724685265819743478365192